[gd_scene load_steps=15 format=2]

[ext_resource path="res://default_env.tres" type="Environment" id=1]
[ext_resource path="res://Robot/TankRobot_with_sensors.tscn" type="PackedScene" id=2]
[ext_resource path="res://Environments/LoadEnvironment.gd" type="Script" id=3]
[ext_resource path="res://Assets/Models/Terrain/tutorialCave.tscn" type="PackedScene" id=4]
[ext_resource path="res://Assets/Models/Terrain/Objects/Waterfall/Waterfall.tscn" type="PackedScene" id=5]
[ext_resource path="res://Assets/Models/Terrain/Objects/Snowdrift/startCaveSnowdrift.tscn" type="PackedScene" id=6]
[ext_resource path="res://Assets/Models/Terrain/Objects/Snowdrift/startCaveIcePlane.tscn" type="PackedScene" id=7]
[ext_resource path="res://Assets/Models/Terrain/Objects/rock1.tscn" type="PackedScene" id=8]
[ext_resource path="res://Assets/Models/Terrain/Objects/rock2_large.tscn" type="PackedScene" id=9]
[ext_resource path="res://Assets/Models/Terrain/Objects/rock2.tscn" type="PackedScene" id=10]
[ext_resource path="res://Assets/Models/Terrain/Objects/mushroom_1.tscn" type="PackedScene" id=11]
[ext_resource path="res://Assets/Models/Terrain/Objects/smallRocks/smolrok3.tscn" type="PackedScene" id=12]
[ext_resource path="res://Assets/Models/Terrain/Objects/smallRocks/smolrok1.tscn" type="PackedScene" id=13]
[ext_resource path="res://Assets/Models/Terrain/Objects/smallRocks/smolrok2.tscn" type="PackedScene" id=14]

[node name="Spatial" type="Spatial"]
script = ExtResource( 3 )
robotScene = ExtResource( 2 )

[node name="WorldEnvironment" type="WorldEnvironment" parent="."]
environment = ExtResource( 1 )

[node name="RobotStartLocation" type="Position3D" parent="."]

[node name="OmniLight" type="OmniLight" parent="."]
transform = Transform( 1, 0, 0, 0, 1, 0, 0, 0, 1, 0.165647, 7.84667, 0 )
light_energy = 5.05
light_indirect_energy = 3.24
omni_range = 15.553

[node name="caveBody" parent="." instance=ExtResource( 4 )]

[node name="waterfall" parent="caveBody" instance=ExtResource( 5 )]
transform = Transform( 0.17101, 0, 0.939693, 0, 0.5, 0, -0.469846, 0, 0.34202, -88.5187, -0.9759, 48.4053 )

[node name="startCaveSnowdrift" parent="caveBody" instance=ExtResource( 6 )]
transform = Transform( 1, 0, 0, 0, 1, 0, 0, 0, 1, 0, 0.168408, 0 )

[node name="startCaveIcePlane" parent="caveBody/startCaveSnowdrift" instance=ExtResource( 7 )]
transform = Transform( 0.999579, 0.0290208, 0, -0.0290208, 0.999579, 0, 0, 0, 1, -1.47146, -0.598331, 0 )

[node name="rocksInGeneral" type="Spatial" parent="caveBody"]

[node name="rock1" parent="caveBody/rocksInGeneral" instance=ExtResource( 8 )]
transform = Transform( 1, 0, 0, 0, 0.993886, 0.110411, 0, -0.110411, 0.993886, 0.85813, -4.48635, 4.97057 )

[node name="rock2" parent="caveBody/rocksInGeneral" instance=ExtResource( 10 )]
transform = Transform( 0.496878, 0.28459, 0.81983, -0.164187, 0.958466, -0.233206, -0.852147, -0.0187304, 0.522967, -12.6499, -4.07062, -13.6861 )

[node name="rock3" parent="caveBody/rocksInGeneral" instance=ExtResource( 8 )]
transform = Transform( 0.52238, -0.089742, 0.847977, 0.14669, 0.989079, 0.0143093, -0.840001, 0.116915, 0.529839, 13.7999, -1.98475, -18.6745 )

[node name="rock2_large" parent="caveBody/rocksInGeneral" instance=ExtResource( 9 )]
transform = Transform( 0.940085, -0.134894, -0.31312, 0.14669, 0.98908, 0.0143093, 0.30777, -0.0593835, 0.949606, 13.3014, -1.62315, 3.9667 )

[node name="rock4" parent="caveBody/rocksInGeneral" instance=ExtResource( 8 )]
transform = Transform( 1.39658, 0.0955582, 0.0209591, -0.0978297, 1.36415, 0.299204, 0, -0.299937, 1.36749, -20.6079, -6.00391, -1.68708 )

[node name="rock2_large2" parent="caveBody/rocksInGeneral" instance=ExtResource( 9 )]
transform = Transform( 1.24933, -0.362296, -0.106008, 0.3422, 1.3227, 0.387021, 0, -0.375744, 1.46461, -17.3262, -4.9772, 31.5642 )

[node name="rock5" parent="caveBody/rocksInGeneral" instance=ExtResource( 8 )]
transform = Transform( 0.338823, 0.342938, 0.876123, -0.123697, 0.939358, -0.319853, -0.932683, 0, 0.360697, -50.5343, -5.5425, 12.9173 )

[node name="smolrok1" parent="caveBody/rocksInGeneral" instance=ExtResource( 13 )]
transform = Transform( 1, 0, 0, 0, 1, 0, 0, 0, 1, -50.5397, -5.11719, 19.0719 )

[node name="smolrok2" parent="caveBody/rocksInGeneral" instance=ExtResource( 13 )]
transform = Transform( 1, 0, 0, 0, 1, 0, 0, 0, 1, -39.8864, -5.51101, 18.7856 )

[node name="smolrok3" parent="caveBody/rocksInGeneral" instance=ExtResource( 14 )]
transform = Transform( 1, 0, 0, 0, 1, 0, 0, 0, 1, -36.8296, -5.55753, 16.1547 )

[node name="smolrok4" parent="caveBody/rocksInGeneral" instance=ExtResource( 13 )]
transform = Transform( 1, 0, 0, 0, 1, 0, 0, 0, 1, -24.2076, -6.2546, 28.3009 )

[node name="smolrok5" parent="caveBody/rocksInGeneral" instance=ExtResource( 12 )]
transform = Transform( 0.969197, -0.246289, 0, 0.246289, 0.969197, 0, 0, 0, 1, -22.5014, -6.1692, 24.2283 )

[node name="smolrok6" parent="caveBody/rocksInGeneral" instance=ExtResource( 13 )]
transform = Transform( 1, 0, 0, 0, 1, 0, 0, 0, 1, -20.5024, -5.94879, 26.5108 )

[node name="smolrok7" parent="caveBody/rocksInGeneral" instance=ExtResource( 12 )]
transform = Transform( 0.86292, -0.505341, 0, 0.505341, 0.86292, 0, 0, 0, 1, -17.9771, -5.54684, 25.4509 )

[node name="smolrok8" parent="caveBody/rocksInGeneral" instance=ExtResource( 12 )]
transform = Transform( -0.740066, -0.278903, -0.611976, 0.0639636, 0.876641, -0.476874, 0.669485, -0.392062, -0.630933, -23.2358, -6.04929, 29.751 )

[node name="smolrok9" parent="caveBody/rocksInGeneral" instance=ExtResource( 12 )]
transform = Transform( -0.498466, 0.0755384, 0.0720032, 0.0639636, 0.876641, -0.476874, -0.0732483, -0.23367, -0.439382, -24.825, -6.0351, 32.044 )

[node name="smolrok10" parent="caveBody/rocksInGeneral" instance=ExtResource( 14 )]
transform = Transform( 0.971604, -0.0893969, 0.219075, 0.134937, 0.969907, -0.202663, -0.194365, 0.226469, 0.954428, -26.9493, -6.19615, 30.1198 )

[node name="smolrok11" parent="caveBody/rocksInGeneral" instance=ExtResource( 12 )]
transform = Transform( 1, 0, 0, 0, 1, 0, 0, 0, 1, -18.3009, -4.35166, -5.81992 )

[node name="smolrok12" parent="caveBody/rocksInGeneral" instance=ExtResource( 13 )]
transform = Transform( 1, 0, 0, 0, 1, 0, 0, 0, 1, -19.525, -4.79541, -0.369173 )

[node name="floraInGeneral" type="Spatial" parent="caveBody"]

[node name="mushyClump1" type="Spatial" parent="caveBody/floraInGeneral"]

[node name="mushroom_1" parent="caveBody/floraInGeneral/mushyClump1" instance=ExtResource( 11 )]
transform = Transform( 1.39658, 0.0955582, 0.0209591, -0.0978297, 1.36415, 0.299204, 0, -0.299937, 1.36749, -31.7708, -5.52189, -3.56941 )

[node name="mushroom_3" parent="caveBody/floraInGeneral/mushyClump1" instance=ExtResource( 11 )]
transform = Transform( 0.798044, 0.0546047, 0.0119766, -0.0559027, 0.779514, 0.170974, -7.45058e-10, -0.171393, 0.781425, -31.9509, -5.52189, -4.01193 )

[node name="mushroom_4" parent="caveBody/floraInGeneral/mushyClump1" instance=ExtResource( 11 )]
transform = Transform( 0.111618, 0.0603936, 0.78987, -0.278714, 0.749664, -0.0179339, -0.741526, -0.272682, 0.125635, -31.5943, -5.52189, -3.89302 )

[node name="mushroom_2" parent="caveBody/floraInGeneral/mushyClump1" instance=ExtResource( 11 )]
transform = Transform( 0.365927, -0.197667, -0.909409, 0.0890048, 0.980137, -0.177227, 0.926378, -0.0160898, 0.376252, -32.0191, -5.52189, -3.56941 )

[node name="mushyClump2" type="Spatial" parent="caveBody/floraInGeneral"]
transform = Transform( 0.988478, 0.151364, 0, -0.124184, 0.810978, -0.571745, -0.0865418, 0.565157, 0.820431, -39.359, -6.42244, 3.36503 )

[node name="mushroom_1" parent="caveBody/floraInGeneral/mushyClump2" instance=ExtResource( 11 )]
transform = Transform( 1.39658, 0.0955582, 0.0209591, -0.0978297, 1.36415, 0.299204, 0, -0.299937, 1.36749, -31.7708, -5.52189, -3.56941 )

[node name="mushroom_3" parent="caveBody/floraInGeneral/mushyClump2" instance=ExtResource( 11 )]
transform = Transform( 0.798044, 0.0546047, 0.0119766, -0.0559027, 0.779514, 0.170974, -7.45058e-10, -0.171393, 0.781425, -31.9509, -5.52189, -4.01193 )

[node name="mushroom_4" parent="caveBody/floraInGeneral/mushyClump2" instance=ExtResource( 11 )]
transform = Transform( 0.111618, 0.0603936, 0.78987, -0.278714, 0.749664, -0.0179339, -0.741526, -0.272682, 0.125635, -31.5943, -5.52189, -3.89302 )

[node name="mushroom_2" parent="caveBody/floraInGeneral/mushyClump2" instance=ExtResource( 11 )]
transform = Transform( 0.365927, -0.197667, -0.909409, 0.0890048, 0.980137, -0.177227, 0.926378, -0.0160898, 0.376252, -32.0191, -5.52189, -3.56941 )
